1.000000000 0.000000000 0.000000000 -0.000000000 0.000000000 1.000000000 -0.000000000 -0.000000000 0.000000000 -0.000000000 1.000000000 0.000000000
0.999999881 0.000472266 0.000114213 0.000038393 -0.000472243 0.999999881 -0.000196282 -0.000072884 -0.000114306 0.000196228 1.000000000 0.000236486
0.999999881 0.000436472 0.000117287 0.000014316 -0.000436449 0.999999881 -0.000196717 -0.000067799 -0.000117372 0.000196666 1.000000000 0.000167840
0.999999881 0.000416839 0.000097301 0.000029803 -0.000416814 0.999999881 -0.000263136 -0.000046498 -0.000097411 0.000263096 0.999999940 0.000179322
0.999999881 0.000467263 0.000127755 0.000013384 -0.000467234 0.999999881 -0.000227911 -0.000074145 -0.000127862 0.000227851 0.999999940 0.000182210
0.999999881 0.000457725 0.000063906 0.000017590 -0.000457711 0.999999881 -0.000214906 -0.000081862 -0.000064004 0.000214877 1.000000000 0.000203852
0.999999821 0.000568974 0.000073405 0.000074844 -0.000568956 0.999999821 -0.000243171 -0.000065439 -0.000073544 0.000243129 0.999999940 0.000262218
0.999999881 0.000482774 0.000109559 0.000064154 -0.000482749 0.999999881 -0.000228310 -0.000061061 -0.000109669 0.000228257 0.999999940 0.000221829
0.999999881 0.000499680 0.000110779 0.000072466 -0.000499653 0.999999821 -0.000243544 -0.000058087 -0.000110900 0.000243489 0.999999940 0.000235285
0.999999821 0.000571409 0.000143998 0.000066544 -0.000571373 0.999999821 -0.000247444 -0.000048991 -0.000144140 0.000247362 0.999999940 0.000221790
0.999999821 0.000608774 0.000185465 0.000077728 -0.000608720 0.999999762 -0.000293925 -0.000028219 -0.000185643 0.000293812 0.999999940 0.000190950
0.999999821 0.000608340 0.000172836 0.000068522 -0.000608292 0.999999762 -0.000280059 -0.000033617 -0.000173006 0.000279954 0.999999940 0.000171833
0.999999762 0.000702102 0.000178058 0.000059533 -0.000702056 0.999999702 -0.000259133 -0.000024836 -0.000178240 0.000259008 0.999999940 0.000214611
0.999999762 0.000679490 0.000126253 0.000068084 -0.000679463 0.999999762 -0.000217781 -0.000026519 -0.000126401 0.000217695 0.999999940 0.000225017
0.999999762 0.000677945 0.000157086 0.000051209 -0.000677912 0.999999762 -0.000206833 -0.000037303 -0.000157226 0.000206726 0.999999940 0.000219195
0.999999821 0.000586925 0.000151881 0.000028239 -0.000586905 0.999999821 -0.000129889 -0.000081675 -0.000151958 0.000129800 1.000000000 0.000116256
0.999999762 0.000647927 0.000169115 0.000019202 -0.000647902 0.999999762 -0.000146791 -0.000048885 -0.000169210 0.000146681 1.000000000 0.000126586
0.999999821 0.000593254 0.000168169 0.000005574 -0.000593223 0.999999821 -0.000183188 -0.000032565 -0.000168278 0.000183088 0.999999940 0.000097323
0.999999821 0.000624367 0.000161885 0.000016191 -0.000624331 0.999999762 -0.000224765 -0.000002067 -0.000162026 0.000224664 0.999999940 0.000152686
0.999999821 0.000538158 0.000162888 0.000014537 -0.000538132 0.999999821 -0.000159132 -0.000040915 -0.000162974 0.000159044 1.000000000 0.000158342
0.999999762 0.000644088 0.000193451 0.000002192 -0.000644046 0.999999762 -0.000215282 -0.000014823 -0.000193590 0.000215158 0.999999940 0.000194745
0.999999762 0.000653771 0.000224031 0.000016304 -0.000653728 0.999999762 -0.000190276 -0.000014475 -0.000224156 0.000190130 0.999999940 0.000213025
0.999999702 0.000707340 0.000232162 -0.000029486 -0.000707289 0.999999702 -0.000221044 0.000003072 -0.000232318 0.000220880 0.999999940 0.000199773
0.999999702 0.000754595 0.000263853 -0.000024457 -0.000754541 0.999999702 -0.000204553 -0.000033654 -0.000264008 0.000204354 0.999999940 0.000221299
0.999999762 0.000680760 0.000219791 0.000045723 -0.000680713 0.999999762 -0.000215148 -0.000032021 -0.000219937 0.000214998 0.999999940 0.000193630
0.999999762 0.000645509 0.000223840 0.000044221 -0.000645460 0.999999762 -0.000222225 -0.000011437 -0.000223983 0.000222081 0.999999940 0.000203658
0.999999762 0.000644010 0.000276414 0.000019088 -0.000643944 0.999999762 -0.000238252 -0.000008634 -0.000276567 0.000238074 0.999999940 0.000220161
0.999999821 0.000578494 0.000257842 0.000008063 -0.000578449 0.999999821 -0.000177247 -0.000042381 -0.000257944 0.000177098 0.999999940 0.000214145
0.999999762 0.000605600 0.000253014 -0.000023587 -0.000605545 0.999999821 -0.000216005 0.000001436 -0.000253145 0.000215852 0.999999940 0.000205207
0.999999821 0.000538808 0.000252213 -0.000014093 -0.000538759 0.999999821 -0.000193895 -0.000032714 -0.000252317 0.000193760 0.999999940 0.000180559
0.999999821 0.000576936 0.000250246 0.000008368 -0.000576883 0.999999821 -0.000211862 0.000002205 -0.000250368 0.000211717 0.999999940 0.000166852
0.999999821 0.000556782 0.000265378 0.000003034 -0.000556719 0.999999821 -0.000235994 -0.000024628 -0.000265509 0.000235846 0.999999940 0.000139109
0.999999821 0.000501155 0.000267235 -0.000019908 -0.000501098 0.999999881 -0.000210190 -0.000031000 -0.000267341 0.000210056 0.999999940 0.000098888
0.999999821 0.000527874 0.000250023 0.000007259 -0.000527816 0.999999821 -0.000234596 -0.000028579 -0.000250147 0.000234464 0.999999940 0.000181516
1.000000000 -0.000111045 -0.000155417 -0.000035016 0.000110924 0.999999702 -0.000777138 -0.000173488 0.000155503 0.000777121 0.999999702 0.000600062
0.999976933 -0.000751395 -0.006750293 -0.001076753 0.000749251 0.999999642 -0.000320171 -0.003212412 0.006750531 0.000315106 0.999977171 0.006430029
0.999760211 -0.000646878 -0.021883734 -0.005425990 0.000675445 0.999998927 0.001298043 -0.004540409 0.021882869 -0.001312513 0.999759674 0.017078502
0.999750018 -0.000357768 -0.022354530 -0.005260804 0.000231003 0.999983907 -0.005673005 -0.002079505 0.022356192 0.005666422 0.999734044 0.028214127
0.999660730 -0.001784091 -0.025987586 0.001311370 0.001594670 0.999972045 -0.007307806 0.000530493 0.025999894 0.007263884 0.999635577 0.049068075
0.999654949 -0.001350596 -0.026235726 0.000925657 0.001187489 0.999979913 -0.006231583 -0.000485446 0.026243612 0.006198277 0.999636412 0.065357998
0.999643922 -0.000274940 -0.026685966 0.000805733 0.000104683 0.999979675 -0.006381237 -0.002034755 0.026687173 0.006376170 0.999623597 0.081496738
0.999630451 -0.000327066 -0.027180759 0.001033164 0.000136005 0.999975324 -0.007030813 -0.003174303 0.027182383 0.007024517 0.999605834 0.096280761
0.999609113 0.000382501 -0.027955709 0.001047506 -0.000619334 0.999963999 -0.008463565 -0.003182329 0.027951464 0.008477570 0.999573410 0.111989789
0.999748707 0.001618096 -0.022356477 -0.009227389 -0.001805208 0.999963462 -0.008351839 -0.007259618 0.022342144 0.008390099 0.999715149 0.121820964
0.999728262 0.002322902 -0.023193246 -0.009744566 -0.002542623 0.999952137 -0.009448448 -0.008419237 0.023170182 0.009504849 0.999686480 0.136928096
0.999696493 0.002734494 -0.024484115 -0.007339379 -0.002972140 0.999948800 -0.009674968 -0.007835974 0.024456406 0.009744803 0.999653399 0.154865697
0.999692678 0.003268241 -0.024572756 -0.007723294 -0.003566891 0.999920249 -0.012119721 -0.008855021 0.024531187 0.012203645 0.999624491 0.170578972
0.999751747 0.004097485 -0.021901462 -0.012117171 -0.004372458 0.999912024 -0.012521868 -0.010318021 0.021848222 0.012614520 0.999681830 0.185252264
0.999716401 0.002871862 -0.023643957 -0.009219006 -0.003118820 0.999940872 -0.010414641 -0.008421246 0.023612654 0.010485427 0.999666154 0.204605952
0.999677300 0.001507727 -0.025357403 -0.008390876 -0.001792278 0.999935567 -0.011202657 -0.010466188 0.025338883 0.011244488 0.999615669 0.221749067
0.999631763 -0.000932173 -0.027120424 -0.008335376 0.000608709 0.999928594 -0.011932792 -0.012633093 0.027129611 0.011911890 0.999560893 0.238464713
0.999591470 -0.001574665 -0.028539695 -0.007455566 0.001142088 0.999884367 -0.015167039 -0.013306606 0.028560281 0.015128248 0.999477565 0.254906654
0.999590516 -0.000705889 -0.028604824 -0.008214485 0.000374459 0.999932706 -0.011590184 -0.012202607 0.028611081 0.011574725 0.999523640 0.274075836
0.999604166 -0.000769212 -0.028120486 -0.009676567 0.000413044 0.999919653 -0.012669423 -0.010472441 0.028127972 0.012652793 0.999524236 0.290726811
0.999671996 -0.000477399 -0.025603231 -0.014656224 0.000343179 0.999986172 -0.005246452 -0.014513507 0.025605381 0.005235941 0.999658406 0.310947478
0.999635398 0.001549910 -0.026959173 -0.011369063 -0.001756301 0.999969304 -0.007633720 -0.014407475 0.026946517 0.007678284 0.999607384 0.329561263
0.999577284 0.001927487 -0.029010575 -0.011548119 -0.002118420 0.999976277 -0.006552207 -0.015892658 0.028997263 0.006610894 0.999557614 0.348610431
0.999534011 0.001758986 -0.030473273 -0.011139193 -0.002001741 0.999966443 -0.007937508 -0.015662638 0.030458286 0.007994808 0.999504089 0.366145283
0.999494374 0.002139946 -0.031722583 -0.012427166 -0.002322164 0.999980986 -0.005708437 -0.017205428 0.031709764 0.005779216 0.999480426 0.384791464
0.999388099 -0.000340848 -0.034976117 -0.012448930 0.000098120 0.999975920 -0.006941353 -0.016236974 0.034977637 0.006933673 0.999364018 0.402844727
0.999324024 0.000620826 -0.036754735 -0.013205592 -0.000793136 0.999988794 -0.004673724 -0.018838720 0.036751419 0.004699718 0.999313414 0.422476709
0.999277592 -0.000640811 -0.037998978 -0.013871865 0.000435397 0.999985158 -0.005413840 -0.020599622 0.038001888 0.005393385 0.999263048 0.440075010
0.999420285 0.000183199 -0.034044400 -0.023598326 -0.000539291 0.999945223 -0.010450751 -0.019154407 0.034040619 0.010463051 0.999365687 0.454241008
0.999309599 0.000006080 -0.037154168 -0.019862089 -0.000375755 0.999950528 -0.009942752 -0.020433078 0.037152272 0.009949848 0.999260068 0.474751502
0.999296367 0.002300418 -0.037435509 -0.021678574 -0.002624179 0.999959528 -0.008601680 -0.019046918 0.037414212 0.008693864 0.999261975 0.494214624
0.999265611 0.004102306 -0.038095873 -0.023357432 -0.004332101 0.999972939 -0.005951407 -0.021942263 0.038070425 0.006112074 0.999256313 0.514394641
0.999221444 0.003603004 -0.039287966 -0.024245793 -0.003956882 0.999952257 -0.008933261 -0.023775334 0.039253898 0.009081762 0.999188006 0.531418025
0.999169171 0.003850761 -0.040571786 -0.023945186 -0.004438260 0.999886453 -0.014400373 -0.024113778 0.040511724 0.014568477 0.999072850 0.548030019
0.999140501 0.005863815 -0.041035328 -0.025943039 -0.006485236 0.999866068 -0.015026891 -0.024957947 0.040941715 0.015280101 0.999044657 0.566220999
0.999126077 0.003900297 -0.041615464 -0.025860485 -0.004530567 0.999876320 -0.015061535 -0.027225124 0.041551568 0.015236912 0.999020159 0.584561825
0.999109149 0.001813573 -0.042161006 -0.025027527 -0.002596562 0.999825001 -0.018524062 -0.027392499 0.042120032 0.018617034 0.998939097 0.602721334
0.999245286 0.006895213 -0.038224962 -0.032860801 -0.007641322 0.999782443 -0.019407267 -0.027419344 0.038082827 0.019684710 0.999080658 0.620368183
0.999231517 0.007439053 -0.038481705 -0.032848977 -0.008196936 0.999774754 -0.019574434 -0.027253738 0.038327422 0.019874826 0.999067545 0.640160441
0.999222338 0.006000547 -0.038968250 -0.033341900 -0.006747028 0.999795675 -0.019052925 -0.028979179 0.038845960 0.019301027 0.999058783 0.659453928
0.999129057 -0.000227458 -0.041721582 -0.029907480 -0.000609941 0.999798715 -0.020057313 -0.030490194 0.041717738 0.020065296 0.998927891 0.677944720
0.999118507 0.001015006 -0.041963093 -0.030717762 -0.001872925 0.999789894 -0.020410335 -0.032525364 0.041933559 0.020470940 0.998910606 0.697309911
0.999100447 0.002825984 -0.042308573 -0.031902332 -0.003639389 0.999809742 -0.019160813 -0.032203130 0.042246372 0.019297557 0.998920798 0.717637062
0.999048650 0.001680307 -0.043573726 -0.031814560 -0.002534001 0.999805748 -0.019544093 -0.032302860 0.043532420 0.019635916 0.998859048 0.737670481
0.999041080 0.002902003 -0.043684795 -0.032556321 -0.003731796 0.999813974 -0.018925438 -0.033455469 0.043621741 0.019070312 0.998866081 0.758070588
0.999044240 0.003492709 -0.043568619 -0.033798739 -0.004274163 0.999831438 -0.017855912 -0.034222048 0.043498900 0.018025063 0.998890877 0.778264821
0.998776495 0.001697095 -0.049422201 -0.042392842 -0.002443328 0.999883831 -0.015042643 -0.037719980 0.049390938 0.015144993 0.998664618 0.796198547
0.998163998 0.004171004 -0.060424142 -0.044945702 -0.005026576 0.999889135 -0.014014349 -0.038909141 0.060358994 0.014292346 0.998074293 0.815591812
0.997428596 0.005806367 -0.071431264 -0.049027883 -0.006716260 0.999899268 -0.012504430 -0.038142890 0.071351461 0.012952026 0.997367203 0.834844708
0.996335685 0.005855449 -0.085327700 -0.050209619 -0.006996516 0.999890029 -0.013079836 -0.038798429 0.085241720 0.013628903 0.996267140 0.855131209
0.995578349 0.007042557 -0.093669355 -0.053177077 -0.008478685 0.999852419 -0.014942760 -0.039771985 0.093550295 0.015670881 0.995491207 0.873719811
0.994380534 0.007174453 -0.105620667 -0.056766652 -0.008632287 0.999873638 -0.013351860 -0.042418063 0.105511531 0.014188578 0.994316876 0.894035697
0.993209779 0.006523388 -0.116153769 -0.061026476 -0.008365309 0.999846816 -0.015377180 -0.041280881 0.116035670 0.016244426 0.993112147 0.911777079
0.991742074 0.005773904 -0.128118038 -0.064026296 -0.007630082 0.999872923 -0.014001946 -0.042969208 0.128020912 0.014863869 0.991660058 0.931737959
0.990037203 0.004558021 -0.140731990 -0.069383457 -0.006553160 0.999884486 -0.013716703 -0.046037573 0.140653223 0.014502286 0.989952683 0.950737953
0.987844586 0.004652811 -0.155375019 -0.072143734 -0.006582939 0.999907434 -0.011910154 -0.043129358 0.155305222 0.012788204 0.987783790 0.971042752
0.986013830 0.007258432 -0.166505054 -0.085588172 -0.009600904 0.999865949 -0.013267860 -0.046804465 0.166386425 0.014680893 0.985951304 0.983603477
0.982445955 0.009328408 -0.186313659 -0.091294125 -0.011485511 0.999878943 -0.010501726 -0.050999995 0.186193153 0.012457287 0.982434154 1.004662037
0.978597343 0.006474186 -0.205682218 -0.097234674 -0.010670752 0.999756873 -0.019300450 -0.049799398 0.205507249 0.021082155 0.978428423 1.017499089
0.974810421 0.005764751 -0.222959995 -0.102343917 -0.010125481 0.999779165 -0.018420119 -0.050227858 0.222804517 0.020213705 0.974653542 1.037434578
0.972912550 0.008861542 -0.231003135 -0.107086450 -0.013978858 0.999691665 -0.020525251 -0.048326571 0.230750024 0.023198433 0.972736418 1.057294250
0.972308218 0.007755479 -0.233572870 -0.110778123 -0.013164465 0.999679923 -0.021607494 -0.050122730 0.233330518 0.024084009 0.972099125 1.076156259
0.972038031 0.007648746 -0.234698325 -0.114918888 -0.012633191 0.999725342 -0.019741507 -0.050880849 0.234482884 0.022154488 0.971867681 1.097456336
0.971678793 0.009155575 -0.236127362 -0.120137885 -0.014229740 0.999702871 -0.019793905 -0.050518610 0.235875994 0.022593355 0.971520424 1.116963029
0.969370604 0.007439009 -0.245489866 -0.126932144 -0.011758977 0.999800682 -0.016136227 -0.054831348 0.245320931 0.018528692 0.969264805 1.135743737
0.965757966 0.008305701 -0.259311587 -0.135222837 -0.012958687 0.999784172 -0.016239326 -0.055496447 0.259120762 0.019043596 0.965657115 1.154144526
0.961895406 0.008790032 -0.273276061 -0.149585709 -0.012956291 0.999825835 -0.013444644 -0.055824589 0.273110211 0.016472990 0.961841583 1.167716622
0.954756021 0.008375272 -0.297271878 -0.157531247 -0.011427414 0.999898374 -0.008530824 -0.059751868 0.297170162 0.011541907 0.954754710 1.188258529
0.947152913 0.008766295 -0.320662379 -0.167379901 -0.012936547 0.999857247 -0.010877004 -0.056741148 0.320521235 0.014450454 0.947131097 1.202223897
0.938788712 0.008313104 -0.344392836 -0.175664723 -0.010052947 0.999944150 -0.003266492 -0.060928401 0.344346464 0.006528710 0.938819945 1.225646496
0.931308091 0.007412871 -0.364156634 -0.184146702 -0.010173903 0.999932289 -0.005664243 -0.057880223 0.364089936 0.008980054 0.931320429 1.242073894
0.924303174 0.008916317 -0.381554544 -0.193895608 -0.011465967 0.999924600 -0.004409295 -0.058602974 0.381486475 0.008450418 0.924335659 1.261493206
0.917927027 0.012433493 -0.396554232 -0.205233425 -0.014235805 0.999897480 -0.001601836 -0.058914859 0.396493614 0.007115639 0.918009877 1.278864145
0.912634611 0.013674039 -0.408547878 -0.219850451 -0.015010284 0.999887228 -0.000064622 -0.062005110 0.408501029 0.006191395 0.912736893 1.290856957
0.908806026 0.016895702 -0.416876704 -0.230368912 -0.019298960 0.999812484 -0.001550760 -0.060448661 0.416772395 0.009454628 0.908961713 1.309780598
0.902101219 0.017159125 -0.431183398 -0.241167694 -0.019452823 0.999810338 -0.000910386 -0.061711662 0.431085974 0.009208995 0.902263880 1.326259136
0.894246459 0.018060379 -0.447210371 -0.252835065 -0.019609675 0.999806941 0.001165026 -0.062624663 0.447145134 0.007727831 0.894428134 1.342371821
0.887730300 0.019197647 -0.459963411 -0.261126578 -0.021852445 0.999760985 -0.000447897 -0.061600223 0.459844917 0.010448936 0.887937725 1.364583969
0.886838973 0.019977365 -0.461646646 -0.270691037 -0.023221858 0.999729395 -0.001347537 -0.062887087 0.461494803 0.011915340 0.887062967 1.383036733
0.885752022 0.019648725 -0.463742793 -0.280978978 -0.022807514 0.999739110 -0.001203685 -0.063749634 0.463598251 0.011642988 0.885969102 1.399802446
0.883765340 0.016354103 -0.467644483 -0.291648179 -0.019768132 0.999801695 -0.002393987 -0.065941513 0.467512608 0.011360183 0.883913398 1.415066242
0.882368565 0.016289929 -0.470276922 -0.300905824 -0.019476691 0.999808490 -0.001911247 -0.065666132 0.470155686 0.010845866 0.882516861 1.434756994
0.880207300 0.015927294 -0.474322051 -0.310712546 -0.019245893 0.999812424 -0.002142149 -0.066482909 0.474198937 0.011014287 0.880348802 1.452814817
0.878377736 0.012335460 -0.477807939 -0.318933994 -0.018356487 0.999800026 -0.007934025 -0.068378001 0.477614552 0.015739948 0.878428519 1.470347166
0.878115058 0.014681119 -0.478224248 -0.329485983 -0.020719977 0.999758303 -0.007354202 -0.069431685 0.478000641 0.016366631 0.878207028 1.488594532
0.877361894 0.015928674 -0.479564786 -0.340302527 -0.022249751 0.999724269 -0.007500144 -0.069462538 0.479313076 0.017250538 0.877474427 1.505476117
0.875840783 0.015564248 -0.482348889 -0.350137830 -0.021895260 0.999732077 -0.007498076 -0.070745856 0.482102931 0.017128278 0.875947177 1.524679303
0.872946799 0.013062630 -0.487640560 -0.360559434 -0.021411197 0.999703944 -0.011549642 -0.073121041 0.487345338 0.020523192 0.872968137 1.538177490
0.868568420 0.016623555 -0.495290279 -0.373301685 -0.025287103 0.999621928 -0.010794297 -0.073346607 0.494923711 0.021900043 0.868660450 1.556632519
0.863686681 0.019273195 -0.503660858 -0.388416499 -0.025824236 0.999648333 -0.006031080 -0.075137585 0.503367424 0.018215613 0.863880396 1.564760566
0.853018522 0.018359393 -0.521557510 -0.400061637 -0.025235927 0.999662995 -0.006084673 -0.075926647 0.521270156 0.018352328 0.853194416 1.582114935
0.844230592 0.020087494 -0.535603523 -0.414187700 -0.025588362 0.999668539 -0.002840979 -0.077941135 0.535369039 0.016103657 0.844464719 1.596775055
0.829576850 0.018710084 -0.558078945 -0.426961631 -0.024050133 0.999708235 -0.002234097 -0.078717932 0.557874501 0.015275232 0.829784751 1.611323595
0.815671504 0.021834489 -0.578103065 -0.440326005 -0.025519416 0.999672830 0.001750354 -0.077973418 0.577952266 0.013325142 0.815961778 1.630165219
0.807163298 0.019473432 -0.590006948 -0.452861041 -0.028463902 0.999577105 -0.005948774 -0.076853961 0.589641631 0.021595532 0.807376206 1.641679168
0.797712505 0.024634846 -0.602534533 -0.469911546 -0.030188546 0.999543786 0.000899256 -0.080565572 0.602281928 0.017472295 0.798092186 1.658997059
0.783936083 0.026930945 -0.620257139 -0.485114157 -0.031298660 0.999502778 0.003839375 -0.079071514 0.620052159 0.016403396 0.784389138 1.674069762
0.770276904 0.023886764 -0.637261987 -0.498601854 -0.029675338 0.999558330 0.001597436 -0.080424920 0.637018859 0.017680502 0.770645499 1.688415289
0.766418993 0.029309759 -0.641671836 -0.516539574 -0.033009328 0.999435663 0.006224741 -0.082466260 0.641492188 0.016410399 0.766953945 1.692433119
0.753575742 0.032343976 -0.656564772 -0.534051657 -0.032950986 0.999391854 0.011412794 -0.085189551 0.656534672 0.013034057 0.754183173 1.706961036
0.744370162 0.031358447 -0.667030513 -0.548900723 -0.032669626 0.999410808 0.010526760 -0.085875809 0.666967511 0.013955836 0.744956017 1.719714999
0.728991926 0.027371727 -0.683974683 -0.562108457 -0.031754658 0.999476790 0.006153024 -0.085349962 0.683785260 0.017233880 0.729479730 1.729891777
0.714892030 0.028915254 -0.698636651 -0.579127312 -0.032886710 0.999429345 0.007712599 -0.085483484 0.698461056 0.017462188 0.715434968 1.743956327
0.701072276 0.033545766 -0.712300658 -0.597588360 -0.036754183 0.999265075 0.010885534 -0.085916027 0.712142229 0.018548485 0.701789975 1.755644321
0.683633447 0.034042463 -0.729031086 -0.614708900 -0.037135087 0.999240160 0.011837365 -0.086400896 0.728880167 0.018980220 0.684378207 1.767673731
0.666223347 0.037487607 -0.744809389 -0.633181095 -0.037406456 0.999158382 0.016829809 -0.085568406 0.744813442 0.016648272 0.667064905 1.780131102
0.657480359 0.040412813 -0.752386987 -0.636517167 -0.038184974 0.999064565 0.020294273 -0.096912727 0.752503455 0.015386795 0.658408463 1.762953281
0.638464153 0.037167404 -0.768753529 -0.652745306 -0.036494721 0.999171793 0.017998032 -0.098561451 0.768785775 0.016564351 0.639291883 1.772404194
0.620299518 0.036541793 -0.783513248 -0.669290304 -0.036685981 0.999172688 0.017555879 -0.096299216 0.783506513 0.017854046 0.621126890 1.783479929
0.602304399 0.037633114 -0.797378778 -0.688005805 -0.036189683 0.999148369 0.019819763 -0.098709390 0.797445655 0.016919361 0.603153527 1.793497443
0.583399177 0.036382537 -0.811370254 -0.705992043 -0.036215302 0.999167919 0.018763673 -0.099107169 0.811377764 0.018437309 0.584231257 1.802931547
0.560679555 0.035849053 -0.827256322 -0.723377764 -0.034595724 0.999204338 0.019852856 -0.098116688 0.827309728 0.017488450 0.561473668 1.811966419
0.540074289 0.037103504 -0.840798974 -0.742747724 -0.035965443 0.999132633 0.020988738 -0.096559212 0.840848505 0.018904231 0.540940404 1.820083141
0.522406399 0.039356396 -0.851787925 -0.762758374 -0.036589030 0.999048829 0.023720253 -0.100465640 0.851911306 0.018774481 0.523349524 1.823441744
0.503620028 0.038780238 -0.863054454 -0.780877531 -0.038582239 0.999004841 0.022375021 -0.099342853 0.863063395 0.022030061 0.504615068 1.829755664
0.481028408 0.042755157 -0.875661910 -0.802230537 -0.040074363 0.998838484 0.026755290 -0.097750306 0.875788629 0.022221537 0.482183039 1.835829496
0.459935248 0.047003176 -0.886707664 -0.824967325 -0.042067252 0.998630226 0.031115759 -0.100520700 0.886955500 0.022990122 0.461282402 1.844305992
0.438007176 0.043567695 -0.897915184 -0.841520429 -0.042752028 0.998704314 0.027603444 -0.096958600 0.897954464 0.026297191 0.439302236 1.848319769
0.418518156 0.049822595 -0.906840801 -0.865338981 -0.045211148 0.998399079 0.033987388 -0.098260134 0.907082438 0.026774980 0.420100719 1.855731606
0.396604031 0.047503926 -0.916759908 -0.884012699 -0.044995666 0.998465776 0.032271907 -0.097589090 0.916886449 0.028451052 0.398132920 1.860935688
0.382465571 0.045857526 -0.922830939 -0.897775114 -0.046798430 0.998447180 0.030219531 -0.098771185 0.922783732 0.031629119 0.384017617 1.861045718
0.362975329 0.046619732 -0.930631757 -0.918916464 -0.046125162 0.998422205 0.032025415 -0.097767919 0.930656433 0.031301115 0.364552915 1.867041826
0.345168561 0.047959689 -0.937314451 -0.939870894 -0.043204155 0.998446763 0.035177600 -0.097952977 0.937545836 0.028353672 0.346704453 1.873802066
0.322259218 0.046232808 -0.945521832 -0.959626794 -0.041999217 0.998521507 0.034509853 -0.097999483 0.945719361 0.028590059 0.323724508 1.879527688
0.308392227 0.045885019 -0.950151980 -0.979236007 -0.044357456 0.998443127 0.033819940 -0.095464095 0.950224519 0.031716522 0.309947401 1.885920644
0.305391103 0.046826530 -0.951074898 -1.000703096 -0.043720938 0.998426318 0.035119049 -0.096583262 0.951222718 0.030856850 0.306957841 1.893884897
0.303117514 0.045511726 -0.951865792 -1.020818353 -0.043443069 0.998480439 0.033906259 -0.095749281 0.951962352 0.031074397 0.304634094 1.900366306
0.300533503 0.042221315 -0.952836275 -1.039441586 -0.043416422 0.998589814 0.030554751 -0.095805556 0.952782571 0.032186020 0.301942736 1.905888438
0.297865033 0.043569826 -0.953613102 -1.060169816 -0.043367594 0.998544157 0.032076627 -0.097123891 0.953622401 0.031801410 0.299320936 1.913012624
0.295722395 0.041531149 -0.954370677 -1.079527259 -0.042968474 0.998621583 0.030142538 -0.097845644 0.954307020 0.032094039 0.297099322 1.918878078
0.293329418 0.035911955 -0.955336750 -1.096557021 -0.042045295 0.998811901 0.024636513 -0.096034586 0.955086350 0.032940805 0.294490904 1.925099969
0.293838859 0.043379761 -0.954870045 -1.111521006 -0.045230199 0.998481691 0.031442504 -0.101220407 0.954784214 0.033949941 0.295354784 1.926002026
0.291859835 0.041688979 -0.955551982 -1.130670071 -0.046884194 0.998472273 0.029241385 -0.100278087 0.955311358 0.036265917 0.293368489 1.930457473
0.279747099 0.039015979 -0.959280550 -1.150572419 -0.040965486 0.998749077 0.028674804 -0.102414563 0.959199369 0.031275708 0.280995429 1.934738159
0.258048832 0.041221838 -0.965251982 -1.171930313 -0.037337653 0.998768568 0.032671392 -0.102691561 0.965410113 0.027609445 0.259270132 1.938649774
0.240113169 0.038796660 -0.969969213 -1.191138148 -0.039656866 0.998759031 0.030131228 -0.100774884 0.969934523 0.031231048 0.241353720 1.942957878
0.219228491 0.038003549 -0.974933088 -1.210250616 -0.038857255 0.998788536 0.030195788 -0.102253363 0.974899411 0.031263463 0.220439583 1.943388462
0.196610659 0.038473252 -0.979726493 -1.231004715 -0.037125126 0.998805463 0.031772222 -0.101997413 0.979778469 0.030125728 0.197804123 1.944893599
0.174413264 0.038531259 -0.983918250 -1.251900077 -0.037461091 0.998770416 0.032472368 -0.102256745 0.983959734 0.031195050 0.175642192 1.945891142
0.155444592 0.039122790 -0.987069547 -1.271948934 -0.037560299 0.998727143 0.033669792 -0.101387471 0.987130284 0.031840857 0.156716153 1.946236014
0.132745802 0.040278167 -0.990331352 -1.292589188 -0.037440334 0.998664737 0.035598513 -0.100777566 0.990442693 0.032352794 0.134076521 1.945456386
0.109248027 0.043618675 -0.993057013 -1.314946175 -0.037650011 0.998501599 0.039715856 -0.099339470 0.993301213 0.033049744 0.110726550 1.946597219
0.087611958 0.042107821 -0.995264292 -1.332479477 -0.038024772 0.998519421 0.038898245 -0.100950539 0.995428681 0.034436747 0.089083381 1.945093989
0.065028198 0.044850621 -0.996875048 -1.353795528 -0.036283504 0.998435140 0.042553958 -0.101804785 0.997223556 0.033402912 0.066553779 1.944249153
0.043688424 0.040192243 -0.998236358 -1.372300267 -0.035243422 0.998630524 0.038665656 -0.100094825 0.998423398 0.033492018 0.045045100 1.943732619
0.024684772 0.039470065 -0.998915732 -1.392945886 -0.034786470 0.998649001 0.038599893 -0.100634903 0.999089837 0.033795923 0.026024461 1.941702604
0.005041175 0.039599217 -0.999202847 -1.414065361 -0.036893211 0.998542786 0.039386909 -0.098707750 0.999306560 0.036665250 0.006494768 1.939741135
-0.016412027 0.038877528 -0.999109149 -1.432775021 -0.034926917 0.998611629 0.039431896 -0.097592518 0.999255180 0.035542969 -0.015031368 1.936417103
-0.039954722 0.047360517 -0.998078465 -1.456656694 -0.033979971 0.998233914 0.048728168 -0.098581806 0.998623550 0.035861604 -0.038274854 1.931464195
-0.072126612 0.045957755 -0.996336102 -1.474340320 -0.031939708 0.998319089 0.048361391 -0.097111896 0.996883929 0.035310831 -0.070537478 1.926305175
-0.100115754 0.049296830 -0.993753791 -1.495723248 -0.031820677 0.998102367 0.052718330 -0.099154145 0.994466782 0.036899857 -0.098357141 1.922485948
-0.124936283 0.042194538 -0.991267025 -1.511516333 -0.031553105 0.998420954 0.046475898 -0.097123832 0.991662920 0.037084077 -0.123407640 1.917029142
-0.148604155 0.045072190 -0.987868965 -1.532582760 -0.031561833 0.998235703 0.050292991 -0.097073674 0.988392949 0.038652699 -0.146919385 1.910202503
-0.175368130 0.051021524 -0.983179808 -1.554532528 -0.030389905 0.997899771 0.057205990 -0.095846869 0.984033823 0.039910845 -0.173449278 1.903101206
-0.197517470 0.045646224 -0.979236066 -1.571244836 -0.032079414 0.998079419 0.052995186 -0.095669538 0.979774356 0.041880798 -0.195673794 1.895445943
-0.221615970 0.042843010 -0.974192560 -1.589836836 -0.033195391 0.998123884 0.051446989 -0.096529081 0.974568725 0.043740172 -0.219778046 1.889611125
-0.243417457 0.044542719 -0.968898356 -1.610006452 -0.032505579 0.998009145 0.054047436 -0.095492408 0.969376624 0.044650685 -0.241484925 1.881473422
-0.268408328 0.044854548 -0.962260425 -1.628397942 -0.032332193 0.997933030 0.055535983 -0.092926025 0.962762415 0.046018302 -0.266403347 1.872672796
-0.294003695 0.045240249 -0.954733074 -1.647517443 -0.032159116 0.997845471 0.057186320 -0.092968985 0.955263138 0.047516353 -0.291915298 1.862881422
-0.319738716 0.046544828 -0.946361899 -1.666493773 -0.031103773 0.997738838 0.059580453 -0.091690734 0.946995020 0.048485599 -0.317568004 1.852809906
-0.344472557 0.047004480 -0.937618971 -1.686695337 -0.028827678 0.997745216 0.060609743 -0.090538129 0.938353598 0.047907766 -0.342340827 1.844878197
-0.368067503 0.047237862 -0.928598344 -1.704323053 -0.029008767 0.997639060 0.062248141 -0.090564206 0.929346442 0.049849018 -0.365828156 1.833310127
-0.393720835 0.046141028 -0.918071270 -1.721953869 -0.026188260 0.997771025 0.061377622 -0.088663243 0.918856978 0.048208330 -0.391634852 1.823623538
-0.413637638 0.046076488 -0.909274936 -1.742826343 -0.024966743 0.997768879 0.061918426 -0.087292887 0.910099208 0.048313420 -0.411564410 1.816709638
-0.421394914 0.045651205 -0.905727446 -1.763740897 -0.020490076 0.997997999 0.059835017 -0.086490102 0.906645715 0.043772593 -0.419615805 1.809514284
-0.423845977 0.047937348 -0.904464841 -1.779982567 -0.019228503 0.997897089 0.061900098 -0.087073565 0.905530155 0.043627605 -0.422032893 1.797405839
-0.446507126 0.052458987 -0.893240929 -1.798093796 -0.018457305 0.997527540 0.067809932 -0.085156560 0.894589722 0.046764437 -0.444434971 1.783552527
-0.466254026 0.050235201 -0.883223355 -1.816880941 -0.017989201 0.997641563 0.066239484 -0.085191004 0.884467900 0.046772912 -0.464250773 1.773010731
-0.480316401 0.050457634 -0.875642657 -1.836044788 -0.020623332 0.997418165 0.068787284 -0.084288940 0.876852691 0.051098328 -0.478035778 1.761278033
-0.494928062 0.048394933 -0.867585182 -1.851398230 -0.018746844 0.997620761 0.066342905 -0.083745629 0.868731678 0.049099449 -0.492843270 1.750064254
-0.507167697 0.048099544 -0.860504091 -1.868055582 -0.017614463 0.997654438 0.066147506 -0.083261281 0.861667335 0.048705194 -0.505130827 1.738261223
-0.518681347 0.047337111 -0.853656113 -1.886728764 -0.018866094 0.997589231 0.066781558 -0.081682287 0.854759395 0.050743505 -0.516537905 1.726071119
-0.534452140 0.046462446 -0.843920767 -1.900306463 -0.019208794 0.997562230 0.067086115 -0.081352100 0.844980478 0.052065019 -0.532256722 1.711317778
-0.549926460 0.044945404 -0.834002852 -1.917680979 -0.019822557 0.997567415 0.066830724 -0.079577610 0.834977686 0.053284056 -0.547697842 1.698621631
-0.568780005 0.047039304 -0.821143508 -1.934354067 -0.016109716 0.997534573 0.068302572 -0.080316171 0.822332084 0.052077517 -0.566619873 1.685167313
-0.584062636 0.043718785 -0.810530245 -1.944753766 -0.017688379 0.997625828 0.066556558 -0.079132959 0.811515629 0.053210191 -0.581902862 1.670709848
-0.607397616 0.045103986 -0.793116391 -1.958497763 -0.013622918 0.997648656 0.067168526 -0.078477085 0.794281065 0.051602565 -0.605355263 1.656687260
-0.631118476 0.046460964 -0.774293661 -1.972159982 -0.010379871 0.997609317 0.068321392 -0.078940734 0.775616944 0.051155962 -0.629127502 1.641990662
-0.649148226 0.039854534 -0.759616971 -1.986114979 -0.016699944 0.997638941 0.066614062 -0.075797796 0.760478497 0.055927970 -0.646950126 1.626968741
-0.663455009 0.042172633 -0.747026563 -2.000434399 -0.016857071 0.997314334 0.071273610 -0.075940877 0.748026133 0.059879526 -0.660962522 1.608580112
-0.681353629 0.036860898 -0.731025517 -2.011703253 -0.017170215 0.997651398 0.066308647 -0.073403835 0.731752872 0.057731509 -0.679120660 1.595138907
-0.695152104 0.039423130 -0.717780828 -2.022545338 -0.015071683 0.997476339 0.069381535 -0.076579951 0.718704700 0.059048884 -0.692803562 1.575438619
-0.715818107 0.037517518 -0.697278261 -2.037320375 -0.011480755 0.997788310 0.065472662 -0.073655643 0.698192477 0.054871794 -0.713804126 1.563067555
-0.730597079 0.037234407 -0.681792855 -2.049778461 -0.010348198 0.997793674 0.065580919 -0.073135361 0.682730496 0.054968566 -0.728599668 1.545876265
-0.743494630 0.035081640 -0.667821050 -2.058850288 -0.011599403 0.997796357 0.065329507 -0.072863072 0.668641329 0.056318466 -0.741449237 1.528279781
-0.761085033 0.033409715 -0.647791147 -2.069054842 -0.010608818 0.997897923 0.063930623 -0.070488691 0.648565292 0.055528942 -0.759130716 1.511336327
-0.779362321 0.036456145 -0.625511885 -2.080158949 -0.008528052 0.997596264 0.068767600 -0.070647895 0.626515269 0.058929279 -0.777178168 1.491635680
-0.796066821 0.035009980 -0.604195237 -2.088803053 -0.007715696 0.997657180 0.067974992 -0.071288303 0.605159521 0.058774423 -0.793931663 1.475091934
-0.809727848 0.031649951 -0.585951447 -2.097892523 -0.009664197 0.997689664 0.067244820 -0.069473319 0.586725950 0.060112756 -0.807551324 1.456747293
-0.823283136 0.030168988 -0.566828668 -2.103632927 -0.010226216 0.997636259 0.067951299 -0.069395162 0.567538798 0.061739668 -0.821028531 1.437268138
-0.839002430 0.031985171 -0.543186784 -2.114558458 -0.009884793 0.997210264 0.073987998 -0.066603377 0.544037938 0.067445397 -0.836345494 1.415703773
-0.853899121 0.029952195 -0.519575894 -2.119471788 -0.008425176 0.997416079 0.071344823 -0.065691732 0.520370364 0.065298788 -0.851440370 1.397668362
-0.867139757 0.030668434 -0.497119725 -2.130039930 -0.008667059 0.997022152 0.076626733 -0.063899145 0.497989386 0.070754647 -0.864291787 1.377089262
-0.881204307 0.030278426 -0.471764952 -2.135562181 -0.005672525 0.997197688 0.074596941 -0.065044820 0.472701550 0.068411246 -0.878563106 1.358474016
-0.892536044 0.030246748 -0.449960709 -2.141664028 -0.005379462 0.996963263 0.077687338 -0.062992685 0.450944185 0.071759291 -0.889662862 1.337417841
-0.902426004 0.029022345 -0.429866314 -2.146223783 -0.003970129 0.997126102 0.075655349 -0.062361956 0.430826634 0.069979966 -0.899717212 1.318132043
-0.910314143 0.027979329 -0.412971497 -2.152814627 -0.003392167 0.997175038 0.075037189 -0.061774697 0.413904339 0.069708265 -0.907647491 1.298475623
-0.920195937 0.027456174 -0.390494019 -2.157281399 -0.002045565 0.997186363 0.074933901 -0.061861653 0.391452730 0.069752648 -0.917550743 1.277957082
-0.929052055 0.027993608 -0.368888438 -2.162564039 0.000103795 0.997152746 0.075408891 -0.060410224 0.369949073 0.070020482 -0.926409602 1.258391500
-0.936324239 0.026693949 -0.350120336 -2.167340040 0.000331260 0.997172832 0.075140774 -0.059791185 0.351136297 0.070240147 -0.933686018 1.238882422
-0.943916500 0.028071331 -0.328988969 -2.173862457 0.002884126 0.997042358 0.076798722 -0.058136243 0.330171853 0.071542747 -0.941205621 1.217510819
-0.949006975 0.027414726 -0.314060628 -2.175931454 0.004202705 0.997223377 0.074349366 -0.057145309 0.315226883 0.069238178 -0.946487248 1.198781490
-0.956923723 0.030354999 -0.288748145 -2.181214333 0.008970121 0.997135758 0.075097740 -0.057486966 0.290200740 0.069272719 -0.954455256 1.178739071
-0.962922335 0.030334713 -0.268067926 -2.186181068 0.010804027 0.997197092 0.074034393 -0.054873593 0.269562393 0.068393171 -0.960551083 1.158908844
-0.967914701 0.026975229 -0.249826670 -2.186524391 0.008387462 0.997135401 0.075170517 -0.054140251 0.251138806 0.070663266 -0.965368330 1.137584209
-0.973289251 0.025345355 -0.228178695 -2.185016155 0.008358884 0.997140586 0.075104624 -0.054819141 0.229429796 0.071191199 -0.970718205 1.117531776
-0.978776634 0.026772870 -0.203173280 -2.188358307 0.011559465 0.997063637 0.075699531 -0.052209400 0.204603374 0.071744375 -0.976212144 1.096814513
-0.982359052 0.023812078 -0.185482234 -2.190693140 0.010148167 0.997186482 0.074270971 -0.049916271 0.186728895 0.071078449 -0.979836881 1.075511694
-0.984041631 0.024848228 -0.176194549 -2.197355032 0.011975219 0.997204661 0.073751785 -0.048629820 0.177534625 0.070464864 -0.981588602 1.054764986
-0.984018087 0.021436922 -0.176773518 -2.200834274 0.008127817 0.997099578 0.075672150 -0.047490396 0.177882999 0.073025987 -0.981338322 1.033914089
-0.984573066 0.016655901 -0.174179167 -2.198653936 0.002258444 0.996585846 0.082532428 -0.043782063 0.174959153 0.080865845 -0.981249154 1.010395288
-0.985345483 0.018817265 -0.169529408 -2.203756571 0.003419605 0.995875776 0.090663701 -0.046031218 0.170536265 0.088755339 -0.981345952 0.984931290
-0.986203849 0.017465085 -0.164611459 -2.205366135 0.004316676 0.996793747 0.079897016 -0.046732619 0.165479079 0.078084178 -0.983117223 0.967390656
-0.987509489 0.016531907 -0.156689286 -2.208375216 0.004085044 0.996832311 0.079428025 -0.043464765 0.157506004 0.077795856 -0.984448910 0.947121382
-0.988153458 0.014429027 -0.152789488 -2.211692095 0.002415635 0.996909440 0.078522503 -0.041802965 0.153450280 0.077223197 -0.985134304 0.925821304
-0.989046752 0.015246461 -0.146813154 -2.214792490 0.002847687 0.996436775 0.084295146 -0.040788133 0.147575200 0.082953781 -0.985565901 0.901542604
-0.990917325 0.023716763 -0.132364064 -2.217417002 0.013090350 0.996662080 0.080581844 -0.041719116 0.133833393 0.078117266 -0.987920225 0.882250667
-0.991298139 0.023156988 -0.129582435 -2.218548298 0.013121163 0.996884823 0.077771842 -0.041020907 0.130979761 0.075394787 -0.988513887 0.864876747
-0.991524398 0.020957042 -0.128218904 -2.219468832 0.010884947 0.996834457 0.078756019 -0.039378762 0.129463539 0.076692842 -0.988613784 0.843480110
-0.992961705 0.024720840 -0.115826659 -2.220342636 0.015201807 0.996487021 0.082357332 -0.040119480 0.117455721 0.080016904 -0.989849091 0.821770668
-0.994956791 0.017684771 -0.098733135 -2.214694262 0.009400968 0.996442854 0.083744012 -0.038531240 0.099862956 0.082393482 -0.991583884 0.801697254
-0.996906281 0.013956153 -0.077350333 -2.214620113 0.007543856 0.996555865 0.082579687 -0.040947232 0.078236446 0.081740685 -0.993578017 0.779281318
-0.998844504 0.013640302 -0.046082377 -2.210094452 0.010316310 0.997379005 0.071614347 -0.036975600 0.046938457 0.071056187 -0.996367216 0.764595509
-0.999605417 0.013202884 -0.024794297 -2.207852125 0.011250500 0.996944666 0.077295445 -0.034868494 0.025739068 0.076986000 -0.996699870 0.741368473
-0.999869108 0.012869709 -0.009803063 -2.206372738 0.012054994 0.996796548 0.079063863 -0.036267955 0.010789183 0.078935318 -0.996821284 0.719535172
-0.999834120 0.011127989 0.014418889 -2.201805353 0.012214545 0.996909618 0.077600978 -0.035355825 -0.013510779 0.077764228 -0.996880233 0.699986219
-0.999625742 0.010972003 0.025059097 -2.204367161 0.012869610 0.996958435 0.076864883 -0.032206584 -0.024139510 0.077158615 -0.996726573 0.679117501
-0.999580622 0.011293110 0.026666669 -2.204191923 0.013278019 0.997059584 0.075470462 -0.031797692 -0.025735967 0.075792886 -0.996791363 0.668057323
-0.999565542 0.010813577 0.027419575 -2.203838348 0.012941173 0.996818721 0.078643590 -0.032070525 -0.026481936 0.078964248 -0.996525705 0.663238227
-0.999552846 0.010983764 0.027811838 -2.203733444 0.013126162 0.996862173 0.078059956 -0.032172993 -0.026867189 0.078390107 -0.996560693 0.664316654
-0.999560714 0.010775328 0.027611135 -2.203696012 0.012863628 0.996978343 0.076607019 -0.032158155 -0.026702240 0.076928526 -0.996678948 0.664474487
-0.999571562 0.010370126 0.027370362 -2.203769684 0.012432355 0.997008502 0.076284170 -0.029878100 -0.026497411 0.076591752 -0.996710360 0.655827820
-0.999565363 0.010980881 0.027360918 -2.204360723 0.013081654 0.996881247 0.077823877 -0.028269401 -0.026421012 0.078147963 -0.996591628 0.638814092
-0.999660790 0.008087134 0.024757380 -2.201349020 0.009978017 0.996963382 0.077231817 -0.029572709 -0.024057612 0.077452645 -0.996705711 0.624654412
-0.999667645 0.006851005 0.024853474 -2.199730873 0.008792518 0.996846080 0.078870088 -0.028576694 -0.024234757 0.079062410 -0.996574998 0.609762430
-0.999677718 0.006868041 0.024439871 -2.200443029 0.008764607 0.996886551 0.078360580 -0.028824158 -0.023825590 0.078549556 -0.996625423 0.593769014
-0.999666572 0.007077652 0.024835933 -2.200635433 0.008980118 0.996963918 0.077345885 -0.027521145 -0.024213096 0.077543125 -0.996694863 0.577479303
-0.999624372 0.009199161 0.025816424 -2.200008869 0.011192705 0.996877193 0.078169860 -0.028119309 -0.025016693 0.078429461 -0.996605635 0.561427593
-0.999543667 0.012167245 0.027646841 -2.202157736 0.014290241 0.996855855 0.077937603 -0.026511813 -0.026611637 0.078297131 -0.996574819 0.544142962
-0.999556899 0.009722229 0.028133644 -2.199890137 0.011851505 0.996996403 0.076535575 -0.025547620 -0.027305039 0.076835096 -0.996669769 0.529073477
-0.999359071 0.011877337 0.033771809 -2.198385477 0.014405360 0.997032106 0.075626351 -0.025676949 -0.032773338 0.076064371 -0.996564090 0.514023006
-0.998996973 0.012832831 0.042898539 -2.198738337 0.015882106 0.997313201 0.071513489 -0.024344029 -0.041865550 0.072123103 -0.996516645 0.499008954
-0.998834968 0.010909414 0.047008026 -2.193153858 0.014200921 0.997427225 0.070265219 -0.026793486 -0.046120547 0.070850924 -0.996420085 0.486605287
-0.998530746 0.010137995 0.053230744 -2.191554070 0.013850214 0.997462094 0.069839329 -0.026240489 -0.052387614 0.070473999 -0.996136963 0.470145375
-0.998173654 0.011242219 0.059354134 -2.190154076 0.015364290 0.997466683 0.069455877 -0.026242986 -0.058422916 0.070240982 -0.995817721 0.453371286
-0.997269630 0.012741909 0.072739676 -2.188858747 0.017526520 0.997697055 0.065522686 -0.024773953 -0.071737260 0.066618681 -0.995196283 0.438852251
-0.996236920 0.015068412 0.085352860 -2.186645269 0.020493878 0.997799933 0.063049987 -0.027155090 -0.084215000 0.064561948 -0.994353831 0.422949314
-0.995023251 0.013449172 0.098731965 -2.183237076 0.019590247 0.997914970 0.061495967 -0.025474062 -0.097699046 0.063124098 -0.993211985 0.407627463
-0.993863344 0.013562822 0.109781243 -2.179591894 0.020316269 0.997953236 0.060634471 -0.025114300 -0.108734161 0.062492747 -0.992104530 0.391543508
-0.991503179 0.016390910 0.129045591 -2.173636913 0.024388144 0.997861803 0.060637936 -0.025773231 -0.127775759 0.063269883 -0.989783049 0.377971798
-0.988328815 0.019367024 0.151098996 -2.169617414 0.028993214 0.997669458 0.061767079 -0.025488377 -0.149550602 0.065427043 -0.986587048 0.361850351
-0.984253764 0.020336084 0.175587207 -2.164465666 0.032022685 0.997437179 0.063982382 -0.026098795 -0.173836023 0.068597682 -0.982382476 0.344164968
-0.980650187 0.018614894 0.194881499 -2.158820868 0.031033030 0.997663617 0.060863372 -0.022229798 -0.193293199 0.065733440 -0.978936553 0.329901308
-0.976874709 0.017887101 0.213063180 -2.153378010 0.032095458 0.997471154 0.063414887 -0.023476258 -0.211390018 0.068786755 -0.974978268 0.310792655
-0.971696734 0.020401226 0.235349149 -2.147781134 0.035504833 0.997559786 0.060117017 -0.023671631 -0.233548373 0.066771552 -0.970049858 0.296481937
-0.967005789 0.021328066 0.253860116 -2.141071320 0.037832018 0.997462630 0.060308129 -0.022277098 -0.251929700 0.067922361 -0.965358913 0.280062139
-0.963898599 0.017927205 0.265665233 -2.136709690 0.035798345 0.997397661 0.062580325 -0.019782685 -0.263852060 0.069831453 -0.962032080 0.260333955
-0.963124394 0.015928030 0.268584341 -2.131237268 0.037161548 0.996553719 0.074159451 -0.017226841 -0.266477466 0.081405781 -0.960397303 0.237334311
-0.962907195 0.015780086 0.269370705 -2.126128197 0.036913615 0.996606529 0.073570944 -0.017226946 -0.267295659 0.080785438 -0.960222304 0.218330562
-0.962212026 0.014143196 0.271933913 -2.120658636 0.036624961 0.996297717 0.077776790 -0.014844473 -0.269827187 0.084797315 -0.959167719 0.199615777
-0.961195946 0.014413268 0.275489688 -2.116002083 0.039410733 0.995565236 0.085419156 -0.013963759 -0.273036808 0.092961788 -0.957501471 0.177225351
-0.960417211 0.013884272 0.278219461 -2.110673428 0.040159512 0.995224714 0.088965468 -0.012162171 -0.275655627 0.096617103 -0.956388593 0.157354712
-0.960106611 0.013233527 0.279320687 -2.105770111 0.039159033 0.995399654 0.087441452 -0.012141250 -0.276878566 0.094891042 -0.956208110 0.136822402
-0.959810793 0.013294892 0.280332923 -2.099939108 0.037990168 0.995838165 0.082843699 -0.010087930 -0.278064758 0.090164162 -0.956321359 0.121681392
-0.959946752 0.010881413 0.279970884 -2.092270136 0.036182377 0.995692968 0.085361063 -0.010887321 -0.277836233 0.092072085 -0.956205904 0.100852191
-0.960102439 0.008304351 0.279524922 -2.086187840 0.032495826 0.996100545 0.082022600 -0.008561641 -0.277753800 0.087833501 -0.956628442 0.084047735
-0.960453391 0.003578441 0.278417826 -2.078922272 0.027603509 0.996215403 0.082419239 -0.007036861 -0.277069211 0.086845152 -0.956917107 0.064502597
-0.960323870 -0.001825634 0.278881103 -2.070921421 0.023358425 0.995938301 0.086954154 -0.006670401 -0.277907163 0.090018384 -0.956380844 0.043500900
-0.958458900 -0.005583182 0.285175651 -2.062527657 0.019593790 0.996157825 0.085356437 -0.005677059 -0.284556538 0.087398313 -0.954667091 0.027049661
-0.955353618 -0.006941724 0.295383006 -2.054982662 0.018660584 0.996310532 0.083767749 -0.005125798 -0.294874698 0.085539848 -0.951699436 0.009923100
-0.951909065 -0.008278838 0.306268513 -2.048076391 0.017071135 0.996648729 0.079999328 -0.003916074 -0.305904418 0.081380442 -0.948577762 -0.006938398
-0.948797882 -0.012085947 0.315652460 -2.037892342 0.012995576 0.996928275 0.077233672 -0.003983770 -0.315616339 0.077381216 -0.945726395 -0.021166861
-0.944814265 -0.015116757 0.327257484 -2.028079987 0.010290206 0.997072577 0.075765528 -0.003766295 -0.327444792 0.074951887 -0.941892743 -0.037706435
-0.940325320 -0.016674770 0.339867949 -2.019761562 0.009234840 0.997180104 0.074474528 -0.001856439 -0.340151459 0.073168889 -0.937519789 -0.054839671
-0.935699999 -0.017907709 0.352341831 -2.010542631 0.009085210 0.997156560 0.074807540 -0.000789773 -0.352679610 0.073198505 -0.932876766 -0.072166145
-0.929317355 -0.017063942 0.368887633 -2.003176928 0.010587681 0.997290015 0.072805397 -0.000526484 -0.369130313 0.071564972 -0.926618159 -0.088417530
-0.924103975 -0.016754897 0.381773323 -1.994549513 0.011856779 0.997300267 0.072468549 0.000458375 -0.381956846 0.071495086 -0.921410620 -0.106909633
-0.917089462 -0.016125107 0.398355275 -1.985092521 0.013807703 0.997297645 0.072157770 0.000407584 -0.398442358 0.071675494 -0.914388478 -0.121753395
-0.909835815 -0.014613377 0.414710879 -1.975583792 0.016366508 0.997338414 0.071050279 0.000750512 -0.414645374 0.071431458 -0.907175124 -0.138666511
-0.900546849 -0.016345626 0.434451580 -1.962826967 0.016391035 0.997306049 0.071498185 0.002389006 -0.434449792 0.071508557 -0.897852957 -0.154624820
-0.889614999 -0.013953468 0.456498027 -1.952589273 0.019517995 0.997458458 0.068524964 0.002345156 -0.456293941 0.069870748 -0.887081742 -0.170583785
-0.878785014 -0.012915801 0.477043271 -1.941989303 0.021701120 0.997518003 0.066984206 0.003224168 -0.476724356 0.069217071 -0.876323581 -0.185727596
-0.868134260 -0.014025527 0.496131092 -1.929911733 0.022358838 0.997480750 0.067322262 0.003451467 -0.495825380 0.069537684 -0.865633667 -0.200871229
-0.858508408 -0.015887950 0.512553334 -1.917957544 0.020664109 0.997636199 0.065536000 0.006053612 -0.512383044 0.066854663 -0.856150746 -0.219271600
-0.851486206 -0.015307919 0.524153471 -1.905998468 0.021756358 0.997681797 0.064480491 0.005055994 -0.523925424 0.066307925 -0.849179268 -0.234731793
-0.841772676 -0.015245077 0.539616704 -1.893402219 0.022162514 0.997782528 0.062761351 0.004989494 -0.539376915 0.064790063 -0.839568198 -0.247212887
-0.829518795 -0.012519989 0.558338404 -1.881552696 0.026044574 0.997793674 0.061068378 0.005930096 -0.557871222 0.065199062 -0.827362597 -0.262332797
-0.818341255 -0.013549668 0.574572802 -1.869247913 0.025911540 0.997835815 0.060435910 0.007109854 -0.574148118 0.064345263 -0.816219151 -0.278706551
-0.807775378 -0.015428499 0.589288473 -1.852927446 0.024956822 0.997866094 0.060335618 0.007554218 -0.588961840 0.063444391 -0.805666625 -0.292879939
-0.795812607 -0.015137767 0.605353713 -1.839653969 0.026254503 0.997884810 0.059468374 0.008207630 -0.604973614 0.063218929 -0.793731868 -0.307682931
-0.783598483 -0.015636550 0.621070921 -1.825417280 0.026591713 0.997922957 0.058674935 0.009248864 -0.620698273 0.062492926 -0.781554937 -0.320708454
-0.768597186 -0.018277420 0.639471948 -1.809492230 0.027881429 0.997684896 0.062027264 0.010122444 -0.639125168 0.065503359 -0.766308188 -0.335456133
-0.749362588 -0.019773465 0.661864579 -1.792353511 0.029418860 0.997572780 0.063110888 0.011654276 -0.661505997 0.066764235 -0.746962070 -0.349418163
-0.730370939 -0.020457674 0.682744324 -1.776325583 0.032815233 0.997346282 0.064988703 0.011926372 -0.682262003 0.069870271 -0.727761447 -0.362785935
-0.709113836 -0.019625813 0.704820871 -1.760613918 0.035036877 0.997396767 0.063022912 0.012175173 -0.704222858 0.069385134 -0.706580281 -0.373004675
-0.686108887 -0.021084094 0.727193236 -1.743725896 0.039549906 0.997020602 0.066222869 0.014179684 -0.726422846 0.074196532 -0.683230937 -0.386792183
-0.665249050 -0.022120193 0.746293783 -1.725742579 0.043490458 0.996715724 0.068310268 0.011864133 -0.745353818 0.077900000 -0.662102163 -0.400206149
-0.644922554 -0.019773645 0.763992190 -1.710516810 0.043646231 0.997080743 0.062650345 0.013520233 -0.763000667 0.073749974 -0.642176747 -0.408308864
-0.624365628 -0.022223908 0.780816019 -1.691538811 0.045868941 0.996827126 0.065050393 0.014494829 -0.779784441 0.076430418 -0.621365190 -0.421144068
-0.604971111 -0.021580055 0.795954943 -1.674442887 0.045341238 0.997076988 0.061494835 0.015668184 -0.794955552 0.073292173 -0.602224290 -0.430411339
-0.583208501 -0.024591219 0.811950207 -1.652471781 0.046202101 0.996919394 0.063379392 0.016718470 -0.811007559 0.074477203 -0.580275714 -0.439398944
-0.560923338 -0.024679290 0.827499747 -1.634615660 0.048544977 0.996855080 0.062636495 0.016878374 -0.826443136 0.075305223 -0.557961226 -0.449404538
-0.541058123 -0.025983550 0.840583682 -1.615233302 0.046495039 0.997069597 0.060748179 0.018435217 -0.839698970 0.071951263 -0.538264513 -0.458370805
-0.524472237 -0.023408163 0.851105690 -1.596215010 0.046409771 0.997349858 0.056029201 0.018087845 -0.850161731 0.068885379 -0.521996021 -0.465685904
-0.507713497 -0.023738772 0.861198902 -1.578268290 0.043547444 0.997635424 0.053172693 0.018484455 -0.860424638 0.064499512 -0.505479157 -0.470707119
-0.485045761 -0.024122715 0.874156058 -1.555764437 0.045135908 0.997596502 0.052573808 0.018296637 -0.873323143 0.064956523 -0.482791156 -0.480351746
-0.471204877 -0.025302611 0.881660819 -1.535328269 0.041980565 0.997812331 0.051072586 0.020113800 -0.881024122 0.061078273 -0.469111770 -0.490785658
-0.455218524 -0.025133599 0.890025020 -1.517495394 0.039092779 0.998073459 0.048179459 0.019607309 -0.889521122 0.056725733 -0.453358978 -0.493671715
-0.436336994 -0.026484828 0.899393559 -1.497852087 0.038798667 0.998083234 0.048213992 0.019926354 -0.898946404 0.055932809 -0.434473097 -0.499345720
-0.413158625 -0.026873266 0.910262346 -1.476319313 0.039788779 0.998077273 0.047525492 0.019714378 -0.909789383 0.055853784 -0.411294937 -0.505035043
-0.387387276 -0.026180744 0.921545208 -1.457964182 0.040582933 0.998143494 0.045416597 0.020542946 -0.921023488 0.054992817 -0.385605574 -0.509705782
-0.367044151 -0.024976153 0.929868102 -1.438195109 0.040129546 0.998283744 0.042654008 0.021066219 -0.929337561 0.052971099 -0.365411937 -0.516471446
-0.359788269 -0.026125066 0.932668090 -1.415744185 0.039333012 0.998294652 0.043136530 0.024025429 -0.932204604 0.052204665 -0.358147115 -0.526362777
-0.355382919 -0.026768837 0.934337378 -1.393720865 0.039878558 0.998245537 0.043767944 0.023644656 -0.933869660 0.052814413 -0.353691936 -0.533119082
-0.347389132 -0.024523299 0.937400341 -1.374902487 0.042711906 0.998206615 0.041942563 0.022979952 -0.936747849 0.054608539 -0.345718682 -0.540583611
-0.344364583 -0.025348650 0.938493729 -1.354943156 0.041740078 0.998233676 0.042278048 0.023464158 -0.937907696 0.053731855 -0.342698187 -0.548661649
-0.344221413 -0.025213385 0.938549876 -1.334069490 0.036589272 0.998519719 0.040243872 0.025577035 -0.938175201 0.048193652 -0.342789382 -0.553506076
-0.341588199 -0.027273526 0.939453900 -1.313818097 0.033296309 0.998600245 0.041097257 0.026072890 -0.939259827 0.045318689 -0.340201944 -0.559724092
-0.340091348 -0.030231319 0.939906299 -1.292657733 0.031956226 0.998534322 0.043679930 0.025086652 -0.939849257 0.044891033 -0.338626772 -0.566263676
-0.336832851 -0.030034902 0.941085279 -1.273436189 0.032746553 0.998512745 0.043588344 0.024946369 -0.940994799 0.045499288 -0.335348338 -0.573738337
-0.333649039 -0.028754633 0.942258716 -1.253614783 0.034575738 0.998488963 0.042713683 0.025530435 -0.942063093 0.046830669 -0.332150608 -0.582081914
-0.331872523 -0.028778886 0.942885101 -1.234513640 0.033050008 0.998566151 0.042111188 0.025695410 -0.942744970 0.045137916 -0.330445498 -0.587597370
-0.320704341 -0.027892232 0.946768582 -1.214745402 0.034588650 0.998554766 0.041134287 0.026390329 -0.946547568 0.045939393 -0.319276094 -0.589188874
-0.301910520 -0.031443905 0.952817559 -1.192336082 0.035211492 0.998406172 0.044105522 0.027771164 -0.952685654 0.046866063 -0.300322145 -0.594290793
-0.279314399 -0.027588835 0.959803283 -1.173027992 0.036754686 0.998547375 0.039398562 0.028018121 -0.959495902 0.046281859 -0.277894646 -0.596480012
-0.259360701 -0.028323997 0.965365052 -1.152520180 0.037112441 0.998539269 0.039268184 0.027770840 -0.965067148 0.046011675 -0.257930666 -0.599690616
-0.242200255 -0.027716076 0.969830334 -1.131382227 0.036251716 0.998635411 0.037592582 0.027401369 -0.969548762 0.044262942 -0.240864992 -0.603370309
-0.223675996 -0.034186002 0.974063873 -1.108116150 0.036950715 0.998368859 0.043524072 0.029748920 -0.973962843 0.045727652 -0.222047985 -0.605778158
-0.203987032 -0.034260675 0.978373945 -1.086995721 0.036296934 0.998435676 0.042530965 0.028078835 -0.978300452 0.044187739 -0.202424347 -0.604802966
-0.180289760 -0.034267828 0.983016610 -1.062485337 0.034901392 0.998540759 0.041210078 0.028682660 -0.982994139 0.041738395 -0.178830698 -0.607493758
-0.165250763 -0.031055316 0.985762596 -1.043242574 0.032772742 0.998779237 0.036959324 0.029436365 -0.985706925 0.038413692 -0.164031282 -0.608433366
-0.144268200 -0.031779598 0.989028215 -1.023657322 0.033122748 0.998768985 0.036924161 0.028497469 -0.988984108 0.038086303 -0.143038005 -0.606993437
-0.109631710 -0.031915769 0.993459642 -1.004323721 0.039011307 0.998576045 0.036385175 0.026056685 -0.993206382 0.042745125 -0.108230516 -0.605365217
-0.083278760 -0.032215230 0.996005416 -0.983683646 0.042778775 0.998440325 0.035870846 0.025156271 -0.995607615 0.045595162 -0.081770755 -0.608623981
-0.061106343 -0.032829732 0.997591257 -0.961665809 0.044254869 0.998386919 0.035566710 0.025800265 -0.997149765 0.046321604 -0.059554897 -0.607628167
-0.041400433 -0.028866958 0.998725533 -0.943610072 0.040923931 0.998694777 0.030562501 0.027750434 -0.998304129 0.042137064 -0.040165052 -0.603584409
-0.013358742 -0.030492336 0.999445677 -0.921656191 0.041431550 0.998659670 0.031022135 0.026422212 -0.999052048 0.041823000 -0.012077488 -0.601756036
0.008259784 -0.032683592 0.999431670 -0.896768332 0.041072525 0.998633385 0.032318041 0.029000921 -0.999121964 0.040782243 0.009590894 -0.605169356
0.011458321 -0.030122176 0.999480665 -0.876507461 0.042071350 0.998675585 0.029615598 0.028281085 -0.999048829 0.041710149 0.012710424 -0.604503036
0.015639897 -0.028074712 0.999483585 -0.856689632 0.040643722 0.998797417 0.027419452 0.029753361 -0.999051154 0.040193893 0.016762132 -0.602403522
0.022241097 -0.035617862 0.999118030 -0.831906617 0.040223576 0.998587906 0.034703545 0.028609553 -0.998943090 0.039416257 0.023642365 -0.602094650
0.030565545 -0.025819393 0.999199212 -0.814512968 0.044257838 0.998720825 0.024453182 0.025452338 -0.998552382 0.043474976 0.031669144 -0.603484988
0.032851744 -0.025768522 0.999127984 -0.793224752 0.043717608 0.998747826 0.024321262 0.025354713 -0.998503566 0.042880490 0.033937141 -0.602170527
0.035994478 -0.024977803 0.999039710 -0.772275567 0.042120937 0.998837173 0.023455160 0.027494751 -0.998463929 0.041236240 0.037004709 -0.601844072
0.039311573 -0.023252811 0.998956323 -0.752034366 0.043215420 0.998833299 0.021549303 0.027610479 -0.998292089 0.042323180 0.040270597 -0.600924790
0.042411152 -0.023351360 0.998827279 -0.730248690 0.043750163 0.998811245 0.021493312 0.027416488 -0.998141944 0.042787302 0.043382369 -0.600518942
0.043160800 -0.023151312 0.998799860 -0.709123552 0.041082833 0.998926997 0.021378957 0.026138892 -0.998223066 0.040110789 0.044065665 -0.597903550
0.063899815 -0.025395624 0.997633159 -0.689963639 0.041692685 0.998871326 0.022756670 0.024828818 -0.997085094 0.040139850 0.064886495 -0.589639723
0.090712272 -0.022270843 0.995628119 -0.671355784 0.043131065 0.998899698 0.018414330 0.025542470 -0.994942725 0.041272089 0.091573022 -0.585827887
0.114639550 -0.022121646 0.993160903 -0.651571870 0.042602655 0.998941720 0.017332830 0.024517864 -0.992493153 0.040324256 0.115460664 -0.579681575
0.141947076 -0.023448408 0.989596605 -0.631242692 0.042664513 0.998935342 0.017549921 0.025350004 -0.988954365 0.039729491 0.142796367 -0.573965788
0.169023797 -0.022807311 0.985347986 -0.610448301 0.043359488 0.998936415 0.015684070 0.023122519 -0.984657764 0.040073201 0.169832945 -0.567262292
0.196713597 -0.019807406 0.980260849 -0.593317389 0.043748885 0.998977482 0.011406295 0.024967957 -0.979484439 0.040641550 0.197379008 -0.560986876
0.217876047 -0.024002170 0.975681305 -0.571291566 0.041931443 0.999004722 0.015212368 0.023099311 -0.975075245 0.037597317 0.218665659 -0.553569674
0.240248948 -0.020660957 0.970491350 -0.552011728 0.041023903 0.999096394 0.011114303 0.023387209 -0.969844043 0.037143145 0.240879506 -0.546490788
0.263292521 -0.020934017 0.964488864 -0.533092022 0.041236307 0.999095023 0.010428180 0.023547959 -0.963834345 0.037026297 0.263917506 -0.538342178
0.284404874 -0.019086864 0.958514214 -0.514806151 0.039173469 0.999198198 0.008273675 0.022493349 -0.957903683 0.035195258 0.284924507 -0.529358506
0.307940960 -0.019830782 0.951198757 -0.496138245 0.041023228 0.999129772 0.007549198 0.022480145 -0.950520694 0.036696531 0.308486491 -0.521294236
0.330611199 -0.018065745 0.943594098 -0.479006767 0.040806800 0.999155402 0.004831847 0.023217965 -0.942884445 0.036907595 0.331069171 -0.511927426
0.353187263 -0.018995229 0.935359776 -0.459338367 0.041887879 0.999112248 0.004473257 0.021049472 -0.934614420 0.037600338 0.353669345 -0.502845824
0.373582661 -0.017390454 0.927433848 -0.442394495 0.041218042 0.999147832 0.002132001 0.020464953 -0.926680624 0.037430532 0.373981148 -0.492535889
0.393197536 -0.016756313 0.919301331 -0.426223934 0.040849444 0.999164939 0.000740158 0.020215414 -0.918546140 0.037261918 0.393553674 -0.481720805
0.416303217 -0.018355899 0.909040511 -0.408380032 0.042288717 0.999105096 0.000808043 0.018894717 -0.908241868 0.038105771 0.416706860 -0.471377641
0.436014444 -0.018347673 0.899752676 -0.389725626 0.042613443 0.999091566 -0.000276818 0.018726481 -0.898930192 0.038462248 0.436400205 -0.460365951
0.456600547 -0.018140320 0.889486909 -0.373113930 0.041846808 0.999123454 -0.001104968 0.017583650 -0.888687134 0.037726711 0.456959307 -0.448529273
0.476817578 -0.018553078 0.878806531 -0.356433660 0.041830238 0.999123514 -0.001602839 0.017328188 -0.878006279 0.037524953 0.477175772 -0.436588734
0.489373505 -0.015785161 0.871931374 -0.337907612 0.040191073 0.999182165 -0.004468475 0.017257992 -0.871147633 0.037230611 0.489607662 -0.426638901
0.505885899 -0.015765397 0.862456322 -0.324280381 0.039163817 0.999221742 -0.004706663 0.015498790 -0.861710906 0.036158107 0.506109536 -0.412982583
0.525255680 -0.016912328 0.850776315 -0.308371097 0.040043913 0.999186099 -0.004859948 0.015090727 -0.850001752 0.036621124 0.525505424 -0.400723577
0.540697694 -0.014786911 0.841087162 -0.291534901 0.036919527 0.999299109 -0.006165535 0.015597792 -0.840406477 0.034386218 0.540864706 -0.388297379
0.555031300 -0.014723760 0.831699133 -0.277638108 0.032965664 0.999447286 -0.004306074 0.013250842 -0.831175983 0.029807519 0.555209875 -0.371061921
0.576185882 -0.015688801 0.817168117 -0.263526142 0.031486735 0.999499559 -0.003011934 0.012422697 -0.816711962 0.027465384 0.576391578 -0.355687499
0.599272490 -0.020390712 0.800285280 -0.247679889 0.029710518 0.999553323 0.003219982 0.015816385 -0.799993575 0.021847246 0.599610686 -0.338910341
0.618280232 -0.022213619 0.785643697 -0.231808364 0.031534340 0.999496698 0.003443521 0.008025239 -0.785324812 0.022645695 0.618669569 -0.320426375
0.642807066 -0.020251222 0.765760362 -0.217683136 0.032823395 0.999460518 -0.001121512 0.011724852 -0.765324533 0.025855770 0.643124998 -0.307887912
0.661051869 -0.019827425 0.750078201 -0.204175115 0.032463755 0.999470472 -0.002190834 0.011219391 -0.749637544 0.025798613 0.661345482 -0.293111593
0.678356588 -0.020468296 0.734447658 -0.189823687 0.032233592 0.999478459 -0.001917425 0.011306772 -0.734025359 0.024974586 0.678662598 -0.276797861
0.692508399 -0.021300623 0.721095324 -0.175582886 0.030587623 0.999531984 0.000150431 0.009309440 -0.720761180 0.021952415 0.692835808 -0.256697297
0.701931119 -0.018034322 0.712016523 -0.160768017 0.026341379 0.999652743 -0.000648545 0.011352843 -0.711757541 0.019210732 0.702162445 -0.240329266
0.715861380 -0.019031744 0.697983086 -0.148914620 0.026233383 0.999655783 0.000352058 0.008964470 -0.697749496 0.018058432 0.716114163 -0.223784581
0.726928115 -0.016904162 0.686505497 -0.137154639 0.023414979 0.999725759 -0.000176948 0.008664833 -0.686314285 0.016203137 0.727124572 -0.206849769
0.742363989 -0.017621538 0.669764996 -0.126551419 0.023089860 0.999733090 0.000710331 0.008332231 -0.669598818 0.014937453 0.742572784 -0.189026460
0.754064143 -0.019162934 0.656521082 -0.115513794 0.023913266 0.999712586 0.001714021 0.007507900 -0.656365275 0.014407083 0.754305601 -0.169208705
0.768114746 -0.016007973 0.640112042 -0.107190244 0.022782514 0.999737740 -0.002336788 0.004765233 -0.639906764 0.016378280 0.768278003 -0.152339622
0.782918334 -0.017200172 0.621886551 -0.099317566 0.022697786 0.999741912 -0.000924248 0.003698702 -0.621710181 0.014839061 0.783106685 -0.134361982
0.797941267 -0.015414692 0.602537990 -0.088466279 0.022941651 0.999725223 -0.004805725 0.003853751 -0.602298439 0.017657900 0.798075795 -0.118506275
0.811743557 -0.015717879 0.583802462 -0.076624833 0.020841481 0.999780655 -0.002061493 0.003269779 -0.583642006 0.013840711 0.811893106 -0.098397806
0.817053795 -0.006907588 0.576520026 -0.092983715 0.012432042 0.999906838 -0.005638490 -0.000682397 -0.576427221 0.011774269 0.817063630 -0.080718391
0.833959699 -0.007655528 0.551772296 -0.083667189 0.010974635 0.999936163 -0.002713737 -0.001345508 -0.551716149 0.008318648 0.833990455 -0.060874615
0.848990440 -0.006925384 0.528362870 -0.075841695 0.009938604 0.999946535 -0.002863119 -0.001102173 -0.528314710 0.007681952 0.849013865 -0.041511983
0.863519549 -0.005349375 0.504287064 -0.069561213 0.008062406 0.999962389 -0.003198323 -0.001488177 -0.504250884 0.006827579 0.863530159 -0.021291533
0.877733052 -0.007179013 0.479096264 -0.061171364 0.008065556 0.999967515 0.000207421 -0.002260810 -0.479082078 0.003682118 0.877762377 -0.000530355
0.888119996 -0.007580541 0.459549099 -0.063671209 0.009994107 0.999946117 -0.002819793 -0.004934182 -0.459502935 0.007097098 0.888147831 0.017251059
0.899769127 -0.008632352 0.436280787 -0.055778071 0.011133250 0.999933064 -0.003175891 -0.004953079 -0.436224252 0.007714791 0.899804890 0.037288170
0.909512103 -0.006651853 0.415624171 -0.049950853 0.010991839 0.999907136 -0.008050479 -0.005437196 -0.415532082 0.011890481 0.909500778 0.054690395
0.916925371 -0.008352437 0.398971349 -0.042539127 0.011930061 0.999907792 -0.006484942 -0.006060966 -0.398880482 0.010705959 0.916940451 0.075457513
0.926650345 -0.008042228 0.375838280 -0.034448776 0.011075844 0.999921203 -0.005911687 -0.006096521 -0.375761122 0.009640791 0.926666439 0.096759513
0.933672547 -0.007461169 0.358050168 -0.031263504 0.010858046 0.999913096 -0.007477552 -0.008613795 -0.357963264 0.010869309 0.933672428 0.114791848
0.938387692 -0.007084167 0.345511466 -0.032002017 0.010208885 0.999921799 -0.007224888 -0.010778551 -0.345433235 0.010307034 0.938386679 0.134943143
0.944735050 -0.007958816 0.327738106 -0.027209383 0.011277541 0.999902606 -0.008226831 -0.010552330 -0.327640742 0.011468256 0.944732726 0.155028477
0.949827433 -0.006131843 0.312713921 -0.024444956 0.008980504 0.999930203 -0.007670003 -0.011663198 -0.312645078 0.010093509 0.949816406 0.175409615
0.957225025 -0.005880038 0.289284617 -0.020836562 0.008475649 0.999934256 -0.007720605 -0.012617704 -0.289220214 0.009842232 0.957211971 0.195689708
0.963466525 -0.004426254 0.267792284 -0.018204816 0.007777378 0.999904156 -0.011454439 -0.013403023 -0.267715931 0.013118691 0.963408470 0.214929432
0.969757378 -0.006259427 0.243990347 -0.016371850 0.008700312 0.999922335 -0.008927613 -0.016356751 -0.243915558 0.010780414 0.969736457 0.236438110
0.975343585 -0.006054001 0.220608726 -0.015012812 0.008892100 0.999889851 -0.011874043 -0.014904844 -0.220512569 0.013542946 0.975290120 0.255296320
0.979862750 -0.006562255 0.199564531 -0.012266882 0.008745600 0.999911070 -0.010060973 -0.015047244 -0.199480787 0.011603683 0.979833126 0.276612908
0.982496083 -0.005632553 0.186197892 -0.012333944 0.007466748 0.999930203 -0.009150964 -0.014990969 -0.186133340 0.010381081 0.982469559 0.297656775
0.987269998 -0.004214931 0.158997446 -0.012541998 0.005275059 0.999966621 -0.006246126 -0.016602404 -0.158965811 0.007005334 0.987259150 0.321349263
0.991065264 -0.004112047 0.133313313 -0.013149370 0.004710630 0.999980271 -0.004174986 -0.018932248 -0.133293450 0.004765678 0.991065145 0.341101825
0.994158447 -0.003640281 0.107868060 -0.013738416 0.004039441 0.999985754 -0.003482204 -0.019475330 -0.107853837 0.003897591 0.994159043 0.361522198
0.996475637 -0.004666498 0.083751790 -0.015829150 0.004797143 0.999987543 -0.001358788 -0.021700902 -0.083744392 0.001755771 0.996485651 0.382013053
0.997447610 -0.000929518 0.071395129 -0.012822462 0.001286894 0.999986827 -0.004959826 -0.019163113 -0.071389556 0.005039047 0.997435749 0.402102739
0.997942448 -0.004006178 0.063989788 -0.011219844 0.004369656 0.999975204 -0.005541362 -0.020964582 -0.063965991 0.005809575 0.997935116 0.423311770
0.998209357 -0.003050247 0.059737593 -0.011928009 0.003365391 0.999981046 -0.005175634 -0.020928860 -0.059720643 0.005367409 0.998200655 0.444218665
0.998492479 -0.002783410 0.054816559 -0.010943649 0.003115506 0.999977410 -0.005973860 -0.021877976 -0.054798633 0.006135637 0.998478591 0.465368718
0.998678625 -0.000542855 0.051386461 -0.012209136 0.000834454 0.999983728 -0.005653442 -0.022169663 -0.051382527 0.005688854 0.998662829 0.486917913
0.998844206 0.003105903 0.047964197 -0.009115143 -0.002779733 0.999972641 -0.006865480 -0.019608773 -0.047984228 0.006724217 0.998825490 0.512995780
0.999033749 0.001759655 0.043914247 -0.009606818 -0.001377632 0.999960959 -0.008728035 -0.020897424 -0.043927893 0.008659102 0.998997092 0.532704651
0.999275327 0.000260171 0.038058877 -0.006655570 0.000223492 0.999919236 -0.012703472 -0.023824904 -0.038059127 0.012702771 0.999194801 0.553257525
0.999427319 0.000270100 0.033836938 -0.006832883 0.000212187 0.999898374 -0.014248892 -0.025801266 -0.033837356 0.014247909 0.999325752 0.572896421
0.999531984 0.000135921 0.030589342 -0.007070197 0.000292623 0.999901831 -0.014004678 -0.029194076 -0.030588262 0.014007071 0.999433935 0.593217134
0.999589026 0.001623982 0.028614927 -0.007375898 -0.001098057 0.999830365 -0.018385511 -0.027003966 -0.028639942 0.018346539 0.999421358 0.612697601
0.999641716 0.004710371 0.026344407 -0.009469321 -0.004227080 0.999822319 -0.018370856 -0.029379718 -0.026426263 0.018252917 0.999484062 0.633135319
0.999685466 0.004430186 0.024682779 -0.010352688 -0.004011707 0.999847829 -0.016978096 -0.028318044 -0.024754241 0.016873732 0.999551177 0.653420091
0.999876320 0.001911261 0.015606157 -0.010938822 -0.001643055 0.999851048 -0.017180689 -0.030475771 -0.015636675 0.017152924 0.999730527 0.664633334
0.999942899 0.000055439 0.010678947 -0.011515642 0.000118787 0.999866903 -0.016313696 -0.032554530 -0.010678437 0.016314035 0.999809921 0.670180082
0.999961793 0.001053848 0.008675028 -0.010168001 -0.000893886 0.999829888 -0.018422529 -0.030132331 -0.008692965 0.018414067 0.999792695 0.671368420
0.999961376 0.001067092 0.008729540 -0.010210392 -0.000908377 0.999834597 -0.018165100 -0.030101260 -0.008747470 0.018156467 0.999796808 0.671412170
0.999960601 0.001015232 0.008807689 -0.010265684 -0.000854257 0.999832928 -0.018261231 -0.030062146 -0.008824751 0.018252989 0.999794364 0.671382546
0.999960780 0.001048837 0.008790724 -0.010266496 -0.000887453 0.999831319 -0.018342298 -0.030053740 -0.008808486 0.018333778 0.999793112 0.671356440
0.999960959 0.001047118 0.008769203 -0.010267871 -0.000885623 0.999830306 -0.018399760 -0.030020025 -0.008786984 0.018391276 0.999792278 0.671305954
0.999925733 0.001825402 0.012044235 -0.015868019 -0.001603354 0.999828994 -0.018420095 -0.030276434 -0.012075799 0.018399414 0.999757767 0.668520033
0.999925077 0.001753790 0.012112414 -0.015905656 -0.001530381 0.999828935 -0.018429430 -0.030259155 -0.012142665 0.018409513 0.999756753 0.668499649
0.999925494 0.001831110 0.012070684 -0.015861508 -0.001608323 0.999828637 -0.018440768 -0.030278282 -0.012102383 0.018419979 0.999756992 0.668506503
0.999925613 0.001737068 0.012075082 -0.015887976 -0.001514531 0.999829292 -0.018414233 -0.030268449 -0.012105008 0.018394575 0.999757469 0.668481946
0.999924898 0.001826316 0.012117040 -0.015899513 -0.001602520 0.999828458 -0.018453691 -0.030248126 -0.012148662 0.018432887 0.999756277 0.668521643
0.999926269 0.001727183 0.012018611 -0.015877720 -0.001505932 0.999829710 -0.018393831 -0.030294400 -0.012048335 0.018374376 0.999758482 0.668531537
0.999925911 0.001744497 0.012044600 -0.015882203 -0.001523203 0.999830306 -0.018357703 -0.030289035 -0.012074581 0.018337999 0.999758840 0.668499947
0.999924958 0.001766927 0.012125459 -0.015902538 -0.001543854 0.999829888 -0.018381869 -0.030255035 -0.012155876 0.018361771 0.999757409 0.668531835
0.999925375 0.001770276 0.012087786 -0.015885049 -0.001548192 0.999830246 -0.018357344 -0.030276522 -0.012118232 0.018337259 0.999758363 0.668464720
0.999925435 0.001794009 0.012080026 -0.015912704 -0.001571869 0.999829948 -0.018373506 -0.030290352 -0.012110935 0.018353149 0.999758124 0.668555677
0.999925613 0.001796923 0.012065075 -0.015913200 -0.001575075 0.999830008 -0.018371997 -0.030277383 -0.012096039 0.018351628 0.999758363 0.668575823
0.999925137 0.001777698 0.012103397 -0.015914341 -0.001555402 0.999830365 -0.018351128 -0.030292097 -0.012133967 0.018330930 0.999758303 0.668582559
